[Wave([SCORPION] * 5, [1] * 5, [10] * 5, 4, 100, [1] * 5, [10] * 5),Wave([SCORPION] * 10, [0, 1, 2] * 4, [10, 20, 30, 40, 50] * 2, 1.7, 100, [1, 2] * 5, [10, 15, 20] * 4),Wave([SCORPION], [1], [200], 1, 1, [10], [50]),Wave([OLD_MAN] * 5, [1] * 5, [20] * 5, 2, 90, [2] * 5, [30] * 5),Wave([SCORPION, OLD_MAN] * 5, [0, 1, 2] * 4, [20, 30, 40, 50] * 3, 1.8, 130, [2, 3] * 5, [20, 30, 40] * 5),Wave([SCORPION, OLD_MAN], [0, 2], [300, 400], 1.2, 200, [10, 15], [70, 100]),Wave([GOBLIN] * 10, [0, 2] * 5, [40] * 10, 2.5, 100, [3] * 10, [10, 15, 20] * 5),Wave([SCORPION, OLD_MAN, GOBLIN] * 5, [0, 1, 2] * 10, [10, 20, 30, 40, 50] * 6, 2, 150, [1, 2, 3, 4, 5] * 6,[10, 15, 20, 25, 30] * 6),Wave([SCORPION, OLD_MAN, GOBLIN], [0, 1, 2], [500, 600, 700], 1.2, 300, [10, 15, 20], [100, 100, 100]),Wave([GOBLIN], [1], [2000], 1, 1, [20], [300])], 20, 100, 15, 7, 1, 10, 20, 30, [30, 50, 100]
[Wave([SCORPION] * 1, [1] * 5, [10] * 5, 14, 100, [100] * 5, [10] * 5)], -1, 100, 15, 7, 1, 10, 20, 30, [30, 50, 100],
[Wave([SCORPION] * 5, [1] * 5, [10] * 5, 4, 100, [1] * 5, [10] * 5),Wave([SCORPION] * 10, [0, 1, 2] * 4, [10, 20, 30, 40, 50] * 2, 1.7, 100, [1, 2] * 5, [10, 15, 20] * 4),Wave([SCORPION], [1], [200], 1, 1, [10], [50]),Wave([OLD_MAN] * 5, [1] * 5, [20] * 5, 2, 90, [2] * 5, [30] * 5),Wave([SCORPION, OLD_MAN] * 5, [0, 1, 2] * 4, [20, 30, 40, 50] * 3, 1.8, 130, [2, 3] * 5, [20, 30, 40] * 5),Wave([SCORPION, OLD_MAN], [0, 2], [300, 400], 1.2, 200, [10, 15], [70, 100]),Wave([GOBLIN] * 10, [0, 2] * 5, [40] * 10, 2.5, 100, [3] * 10, [10, 15, 20] * 5),Wave([SCORPION, OLD_MAN, GOBLIN] * 5, [0, 1, 2] * 10, [10, 20, 30, 40, 50] * 6, 2, 150, [1, 2, 3, 4, 5] * 6,[10, 15, 20, 25, 30] * 6),Wave([SCORPION, OLD_MAN, GOBLIN], [0, 1, 2], [500, 600, 700], 1.2, 300, [10, 15, 20], [100, 100, 100]),Wave([GOBLIN], [1], [2000], 1, 1, [20], [300])], 20, 100, 15, 7, 1, 10, 20, 30, [30, 50, 100]
[Wave([SCORPION] * 1, [1] * 5, [10] * 5, 4, 100, [100] * 5, [10] * 5)], 20, 100, 15, 7, 1, 10, 20, 30, [30, 50, 100],
[Wave([SCORPION] * 5, [1] * 5, [10] * 5, 4, 100, [1] * 5, [10] * 5),Wave([SCORPION] * 10, [0, 1, 2] * 4, [10, 20, 30, 40, 50] * 2, 1.7, 100, [1, 2] * 5, [10, 15, 20] * 4),Wave([SCORPION], [1], [200], 1, 1, [10], [50]),Wave([OLD_MAN] * 5, [1] * 5, [20] * 5, 2, 90, [2] * 5, [30] * 5),Wave([SCORPION, OLD_MAN] * 5, [0, 1, 2] * 4, [20, 30, 40, 50] * 3, 1.8, 130, [2, 3] * 5, [20, 30, 40] * 5),Wave([SCORPION, OLD_MAN], [0, 2], [300, 400], 1.2, 200, [10, 15], [70, 100]),Wave([GOBLIN] * 10, [0, 2] * 5, [40] * 10, 2.5, 100, [3] * 10, [10, 15, 20] * 5),Wave([SCORPION, OLD_MAN, GOBLIN] * 5, [0, 1, 2] * 10, [10, 20, 30, 40, 50] * 6, 2, 150, [1, 2, 3, 4, 5] * 6,[10, 15, 20, 25, 30] * 6),Wave([SCORPION, OLD_MAN, GOBLIN], [0, 1, 2], [500, 600, 700], 1.2, 300, [10, 15, 20], [100, 100, 100]),Wave([GOBLIN], [1], [2000], 1, 1, [20], [300])], 20, 100, 15, 7, 1, 10, 20, 30, [30, 50, 100]
[Wave([SCORPION] * 1, [1] * 5, [10] * 5, 4, 100, [100] * 5, [10] * 5)], 20, 100, 15, 7, 1, 10, 20, 30, [30, 50, 100],
[Wave([SCORPION] * 5, [1] * 5, [10] * 5, 4, 100, [1] * 5, [10] * 5),Wave([SCORPION] * 10, [0, 1, 2] * 4, [10, 20, 30, 40, 50] * 2, 1.7, 100, [1, 2] * 5, [10, 15, 20] * 4),Wave([SCORPION], [1], [200], 1, 1, [10], [50]),Wave([OLD_MAN] * 5, [1] * 5, [20] * 5, 2, 90, [2] * 5, [30] * 5),Wave([SCORPION, OLD_MAN] * 5, [0, 1, 2] * 4, [20, 30, 40, 50] * 3, 1.8, 130, [2, 3] * 5, [20, 30, 40] * 5),Wave([SCORPION, OLD_MAN], [0, 2], [300, 400], 1.2, 200, [10, 15], [70, 100]),Wave([GOBLIN] * 10, [0, 2] * 5, [40] * 10, 2.5, 100, [3] * 10, [10, 15, 20] * 5),Wave([SCORPION, OLD_MAN, GOBLIN] * 5, [0, 1, 2] * 10, [10, 20, 30, 40, 50] * 6, 2, 150, [1, 2, 3, 4, 5] * 6,[10, 15, 20, 25, 30] * 6),Wave([SCORPION, OLD_MAN, GOBLIN], [0, 1, 2], [500, 600, 700], 1.2, 300, [10, 15, 20], [100, 100, 100]),Wave([GOBLIN], [1], [2000], 1, 1, [20], [300])], 20, 100, 15, 7, 1, 10, 20, 30, [30, 50, 100]
[Wave([SCORPION] * 1, [1] * 5, [10] * 5, 4, 100, [100] * 5, [10] * 5)], 20, 100, 15, 7, 1, 10, 20, 30, [30, 50, 100],
[Wave([SCORPION] * 5, [1] * 5, [10] * 5, 4, 100, [1] * 5, [10] * 5),Wave([SCORPION] * 10, [0, 1, 2] * 4, [10, 20, 30, 40, 50] * 2, 1.7, 100, [1, 2] * 5, [10, 15, 20] * 4),Wave([SCORPION], [1], [200], 1, 1, [10], [50]),Wave([OLD_MAN] * 5, [1] * 5, [20] * 5, 2, 90, [2] * 5, [30] * 5),Wave([SCORPION, OLD_MAN] * 5, [0, 1, 2] * 4, [20, 30, 40, 50] * 3, 1.8, 130, [2, 3] * 5, [20, 30, 40] * 5),Wave([SCORPION, OLD_MAN], [0, 2], [300, 400], 1.2, 200, [10, 15], [70, 100]),Wave([GOBLIN] * 10, [0, 2] * 5, [40] * 10, 2.5, 100, [3] * 10, [10, 15, 20] * 5),Wave([SCORPION, OLD_MAN, GOBLIN] * 5, [0, 1, 2] * 10, [10, 20, 30, 40, 50] * 6, 2, 150, [1, 2, 3, 4, 5] * 6,[10, 15, 20, 25, 30] * 6),Wave([SCORPION, OLD_MAN, GOBLIN], [0, 1, 2], [500, 600, 700], 1.2, 300, [10, 15, 20], [100, 100, 100]),Wave([GOBLIN], [1], [2000], 1, 1, [20], [300])], 20, 100, 15, 7, 1, 10, 20, 30, [30, 50, 100]
[Wave([SCORPION] * 1, [1] * 5, [10] * 5, 4, 100, [100] * 5, [10] * 5)], 20, 100, 15, 7, 1, 10, 20, 30, [30, 50, 100],
[Wave([SCORPION] * 5, [1] * 5, [10] * 5, 4, 100, [1] * 5, [10] * 5),Wave([SCORPION] * 10, [0, 1, 2] * 4, [10, 20, 30, 40, 50] * 2, 1.7, 100, [1, 2] * 5, [10, 15, 20] * 4),Wave([SCORPION], [1], [200], 1, 1, [10], [50]),Wave([OLD_MAN] * 5, [1] * 5, [20] * 5, 2, 90, [2] * 5, [30] * 5),Wave([SCORPION, OLD_MAN] * 5, [0, 1, 2] * 4, [20, 30, 40, 50] * 3, 1.8, 130, [2, 3] * 5, [20, 30, 40] * 5),Wave([SCORPION, OLD_MAN], [0, 2], [300, 400], 1.2, 200, [10, 15], [70, 100]),Wave([GOBLIN] * 10, [0, 2] * 5, [40] * 10, 2.5, 100, [3] * 10, [10, 15, 20] * 5),Wave([SCORPION, OLD_MAN, GOBLIN] * 5, [0, 1, 2] * 10, [10, 20, 30, 40, 50] * 6, 2, 150, [1, 2, 3, 4, 5] * 6,[10, 15, 20, 25, 30] * 6),Wave([SCORPION, OLD_MAN, GOBLIN], [0, 1, 2], [500, 600, 700], 1.2, 300, [10, 15, 20], [100, 100, 100]),Wave([GOBLIN], [1], [2000], 1, 1, [20], [300])], 20, 100, 15, 7, 1, 10, 20, 30, [30, 50, 100]
[Wave([SCORPION] * 1, [1] * 5, [10] * 5, 4, 100, [100] * 5, [10] * 5)], 20, 100, 15, 7, 1, 10, 20, 30, [30, 50, 100],
[Wave([SCORPION] * 5, [1] * 5, [10] * 5, 4, 100, [1] * 5, [10] * 5),Wave([SCORPION] * 10, [0, 1, 2] * 4, [10, 20, 30, 40, 50] * 2, 1.7, 100, [1, 2] * 5, [10, 15, 20] * 4),Wave([SCORPION], [1], [200], 1, 1, [10], [50]),Wave([OLD_MAN] * 5, [1] * 5, [20] * 5, 2, 90, [2] * 5, [30] * 5),Wave([SCORPION, OLD_MAN] * 5, [0, 1, 2] * 4, [20, 30, 40, 50] * 3, 1.8, 130, [2, 3] * 5, [20, 30, 40] * 5),Wave([SCORPION, OLD_MAN], [0, 2], [300, 400], 1.2, 200, [10, 15], [70, 100]),Wave([GOBLIN] * 10, [0, 2] * 5, [40] * 10, 2.5, 100, [3] * 10, [10, 15, 20] * 5),Wave([SCORPION, OLD_MAN, GOBLIN] * 5, [0, 1, 2] * 10, [10, 20, 30, 40, 50] * 6, 2, 150, [1, 2, 3, 4, 5] * 6,[10, 15, 20, 25, 30] * 6),Wave([SCORPION, OLD_MAN, GOBLIN], [0, 1, 2], [500, 600, 700], 1.2, 300, [10, 15, 20], [100, 100, 100]),Wave([GOBLIN], [1], [2000], 1, 1, [20], [300])], 20, 100, 15, 7, 1, 10, 20, 30, [30, 50, 100]
[Wave([SCORPION] * 1, [1] * 5, [10] * 5, 4, 100, [100] * 5, [10] * 5)], 20, 100, 15, 7, 1, 10, 20, 30, [30, 50, 100],
[Wave([SCORPION] * 5, [1] * 5, [10] * 5, 4, 100, [1] * 5, [10] * 5),Wave([SCORPION] * 10, [0, 1, 2] * 4, [10, 20, 30, 40, 50] * 2, 1.7, 100, [1, 2] * 5, [10, 15, 20] * 4),Wave([SCORPION], [1], [200], 1, 1, [10], [50]),Wave([OLD_MAN] * 5, [1] * 5, [20] * 5, 2, 90, [2] * 5, [30] * 5),Wave([SCORPION, OLD_MAN] * 5, [0, 1, 2] * 4, [20, 30, 40, 50] * 3, 1.8, 130, [2, 3] * 5, [20, 30, 40] * 5),Wave([SCORPION, OLD_MAN], [0, 2], [300, 400], 1.2, 200, [10, 15], [70, 100]),Wave([GOBLIN] * 10, [0, 2] * 5, [40] * 10, 2.5, 100, [3] * 10, [10, 15, 20] * 5),Wave([SCORPION, OLD_MAN, GOBLIN] * 5, [0, 1, 2] * 10, [10, 20, 30, 40, 50] * 6, 2, 150, [1, 2, 3, 4, 5] * 6,[10, 15, 20, 25, 30] * 6),Wave([SCORPION, OLD_MAN, GOBLIN], [0, 1, 2], [500, 600, 700], 1.2, 300, [10, 15, 20], [100, 100, 100]),Wave([GOBLIN], [1], [2000], 1, 1, [20], [300])], 20, 100, 15, 7, 1, 10, 20, 30, [30, 50, 100]
[Wave([SCORPION] * 1, [1] * 5, [10] * 5, 4, 100, [100] * 5, [10] * 5)], 20, 100, 15, 7, 1, 10, 20, 30, [30, 50, 100],
